6265 800
0 LAND 23 25
1 LAND 71 25
2 LAND 117 25
3 LAND 165 25
4 LAND 261 25
5 LAND 307 25
6 LAND 355 25
7 LAND 401 25
8 LAND 447 25
9 LAND 495 25
10 LAND 543 25
11 LAND 591 25
12 LAND 785 25
13 LAND 881 25
14 LAND 929 25
15 LAND 977 25
16 LAND 1025 25
17 LAND 1073 25
18 LAND 1121 25
19 LAND 1273 25
20 LAND 1273 75
21 LAND 1121 75
22 LAND 1121 125
23 LAND 213 25
24 LAND 833 25
25 LAND 737 25
26 LAND 639 25
27 LAND 687 25
28 LAND 1321 25
29 LAND 1369 25
30 LAND 1417 25
31 LAND 1465 25
32 LAND 1513 25
33 LAND 1559 25
34 LAND 1607 25
35 LAND 1655 25
36 LAND 1703 25
37 LAND 1751 25
38 LAND 1799 25
39 LAND 1847 25
40 LAND 1895 25
41 LAND 1943 25
42 LAND 1991 25
43 LAND 2039 25
44 LAND 2087 25
45 LAND 2135 25
46 LAND 2183 25
47 LAND 2231 25
48 LAND 2441 25
49 LAND 2489 25
50 LAND 2537 25
51 LAND 2585 25
52 LAND 2633 25
53 LAND 2681 25
54 LAND 2727 25
55 LAND 2775 25
56 LAND 2823 25
57 LAND 2871 25
58 LAND 2919 25
59 FENCE 168 66
60 MOUNTAIN 396 100
61 SMALLTREE 582 80
62 SMALLPIPE 1500 100
63 MEDIUMPIPE 1972 121
64 COINQUESTION 475 215
65 COINQUESTION 575 213
66 COINQUESTION 625 213
67 COINQUESTION 675 213
68 COINQUESTION 725 213
69 MUSHROOMBIG 525 215
70 LAND 2967 25
71 LAND 3015 25
72 LAND 3065 25
73 LAND 3115 25
74 LAND 3165 25
75 LAND 3215 25
76 LAND 3265 25
77 LAND 3315 25
78 LAND 3365 25
79 LAND 3415 25
80 LAND 3463 25
81 LAND 3513 25
82 MUSHROOM 2775 75
83 CLOUD 36 527
84 CLOUD 292 523
85 CLOUD 788 545
86 CLOUD 1128 471
87 CLOUD 1392 341
88 CLOUD 1868 537
89 CLOUD 1992 417
90 CLOUD 2176 393
91 CLOUD 2988 397
92 CLOUD 3446 365
93 CLOUD 3856 331
94 GRASS 844 63
95 MUSHROOM 2877 73
96 BIGPIPE 2576 148
97 SMALLPIPE 3228 98
98 LAND 3563 25
99 LAND 3611 25
100 LAND 3661 25
101 LAND 3711 25
102 LAND 3761 25
103 LAND 3811 25
104 LAND 3861 25
105 LAND 3911 25
106 LAND 3961 25
107 LAND 4011 25
108 LAND 4061 25
109 LAND 4111 25
110 LAND 4161 25
111 LAND 4211 25
112 LAND 4261 25
113 LAND 4311 25
114 LAND 4361 25
115 LAND 4411 25
116 LAND 4461 25
117 MOUNTAIN 1700 98
118 BIGTREE 2166 98
119 LAND 1605 227
120 LAND 1655 227
121 LAND 1705 227
122 LAND 1755 227
123 LAND 1805 227
124 FLOWER 1607 387
125 MUSHROOMLIFE 2573 465
126 COIN 1655 387
127 COIN 1707 387
128 COIN 1755 387
129 COIN 1801 387
130 HOUSE 6144 250
131 BRICK 185 369
132 BRICK 233 369
133 BRICK 283 369
134 BRICK 333 369
135 BRICK 383 369
136 BRICK 433 369
137 COINQUESTION 2795 231
138 COINQUESTION 2845 231
139 COINQUESTION 2895 231
140 COINQUESTION 2995 231
141 STAR 2945 233
142 LAND 4511 25
143 LAND 4561 25
144 LAND 4609 25
145 LAND 4657 25
146 LAND 4707 25
147 LAND 4755 25
148 LAND 4803 25
149 LAND 4853 25
150 LAND 4901 25
151 LAND 4951 25
152 LAND 4999 25
153 LAND 5047 25
154 LAND 5095 25
155 LAND 5141 25
156 LAND 5189 25
157 LAND 5239 25
158 LAND 5289 25
159 LAND 5337 25
160 LAND 5385 25
161 LAND 5433 25
162 LAND 5481 25
163 LAND 5527 25
164 LAND 5575 25
165 LAND 5625 25
166 LAND 5673 25
167 LAND 5721 25
168 LAND 5769 25
169 LAND 5819 25
170 LAND 5867 25
171 LAND 5915 25
172 LAND 5963 25
173 LAND 6011 25
174 LAND 6059 25
175 LAND 6109 25
176 LAND 6159 25
177 LAND 6207 25
178 LAND 6255 25
179 MEDIUMPIPE 4028 123
180 FENCE 3582 64
181 GRASS 3706 63
182 COINQUESTION 3589 237
183 COINQUESTION 3639 237
184 COINQUESTION 3689 237
185 COINQUESTION 3739 237
186 COINQUESTION 3789 237
187 TURTLE 3451 85
188 LAND 4951 71
189 LAND 4951 121
190 LAND 4951 169
191 LAND 4951 217
192 LAND 4949 267
193 LAND 4901 75
194 LAND 4901 119
195 LAND 4997 267
196 LAND 5045 267
197 LAND 5093 267
198 LAND 5141 267
199 LAND 5189 267
200 LAND 5189 217
201 LAND 5189 169
202 LAND 5189 121
203 LAND 5189 73
204 LAND 5237 121
205 LAND 5237 73
206 LAND 5073 167
207 TURTLE 5051 85
208 LAND 5071 311
209 LAND 5071 359
210 LAND 5071 407
<End>
