16675 800
0 LAND 25 25
1 LAND 75 25
2 LAND 125 25
3 LAND 175 25
4 LAND 225 25
5 LAND 275 25
6 LAND 325 25
7 LAND 375 25
8 LAND 425 25
9 LAND 475 25
10 LAND 525 25
11 LAND 575 25
12 LAND 625 25
13 LAND 675 25
14 LAND 725 25
15 LAND 775 25
16 LAND 825 25
17 LAND 875 25
18 LAND 925 25
19 LAND 975 25
20 LAND 1025 25
21 LAND 1075 25
22 LAND 1125 25
23 LAND 1175 25
24 LAND 1225 25
25 LAND 1275 25
26 LAND 1325 25
27 LAND 1375 25
28 LAND 1425 25
29 LAND 1475 25
30 LAND 1525 25
31 LAND 1575 25
32 LAND 1625 25
33 LAND 1675 25
34 LAND 1725 25
35 LAND 1775 25
36 LAND 1825 25
37 LAND 1875 25
38 LAND 1925 25
39 LAND 1975 25
40 LAND 2025 25
41 LAND 2075 25
42 LAND 2125 25
43 LAND 2175 25
44 LAND 2225 25
45 LAND 2275 25
46 LAND 2325 25
47 LAND 2375 25
48 LAND 2425 25
49 LAND 2475 25
50 LAND 2525 25
51 LAND 2575 25
52 LAND 2625 25
53 LAND 2675 25
54 LAND 2725 25
55 LAND 2775 25
56 LAND 2825 25
57 LAND 2875 25
58 LAND 2925 25
59 LAND 2975 25
60 LAND 3025 25
61 LAND 3075 25
62 LAND 3125 25
63 LAND 3175 25
64 LAND 3225 25
65 LAND 3275 25
66 LAND 3325 25
67 LAND 3375 25
68 LAND 3425 25
69 LAND 3475 25
70 LAND 3525 25
71 LAND 3575 25
72 LAND 3625 25
73 LAND 3675 25
74 LAND 3725 25
75 LAND 3775 25
76 LAND 3825 25
77 LAND 3875 25
78 LAND 3925 25
79 LAND 3975 25
80 LAND 4025 25
81 LAND 4075 25
82 LAND 4125 25
83 LAND 4175 25
84 LAND 4225 25
85 LAND 4275 25
86 LAND 4325 25
87 LAND 4375 25
88 LAND 4425 25
89 LAND 4475 25
90 LAND 4525 25
91 LAND 4575 25
92 LAND 4625 25
93 LAND 4675 25
94 LAND 4725 25
95 LAND 4775 25
96 LAND 4825 25
97 LAND 4875 25
98 LAND 4925 25
99 LAND 4975 25
100 LAND 5025 25
101 LAND 5075 25
102 LAND 5125 25
103 LAND 5175 25
104 LAND 5225 25
105 LAND 5275 25
106 LAND 5325 25
107 LAND 5375 25
108 LAND 5425 25
109 LAND 5475 25
110 LAND 5525 25
111 LAND 5575 25
112 LAND 5625 25
113 LAND 5675 25
114 LAND 5725 25
115 LAND 5775 25
116 LAND 5825 25
117 LAND 5875 25
118 LAND 5925 25
119 LAND 5975 25
120 LAND 6025 25
121 LAND 6075 25
122 LAND 6125 25
123 LAND 6175 25
124 LAND 6225 25
125 LAND 6275 25
126 LAND 6325 25
127 LAND 6375 25
128 LAND 6425 25
129 LAND 6475 25
130 LAND 6525 25
131 LAND 6575 25
132 LAND 6625 25
133 LAND 6675 25
134 LAND 6725 25
135 LAND 6775 25
136 LAND 6825 25
137 LAND 6875 25
138 LAND 6925 25
139 LAND 6975 25
140 LAND 7025 25
141 LAND 7075 25
142 LAND 7125 25
143 LAND 7175 25
144 LAND 7225 25
145 LAND 7275 25
146 LAND 7325 25
147 LAND 7375 25
148 LAND 7425 25
149 LAND 7475 25
150 LAND 7525 25
151 LAND 7575 25
152 LAND 7625 25
153 LAND 7875 25
154 LAND 8025 25
155 LAND 8175 25
156 LAND 8325 25
157 LAND 8375 25
158 LAND 8425 25
159 LAND 8475 25
160 LAND 8525 25
161 LAND 8575 25
162 LAND 8625 25
163 LAND 8675 25
164 LAND 8725 25
165 LAND 8775 25
166 LAND 8825 25
167 LAND 8875 25
168 LAND 8925 25
169 LAND 8975 25
170 LAND 9025 25
171 LAND 9075 25
172 LAND 9125 25
173 LAND 9175 25
174 LAND 9225 25
175 LAND 9275 25
176 LAND 9325 25
177 LAND 9375 25
178 LAND 9425 25
179 LAND 9475 25
180 LAND 9725 25
181 LAND 9775 25
182 LAND 9975 25
183 LAND 10025 25
184 LAND 10075 25
185 LAND 10125 25
186 LAND 10175 25
187 LAND 10225 25
188 LAND 10275 25
189 LAND 10325 25
190 LAND 10375 25
191 LAND 10425 25
192 LAND 10475 25
193 LAND 10525 25
194 LAND 10575 25
195 LAND 10625 25
196 LAND 10675 25
197 LAND 10725 25
198 LAND 10773 25
199 LAND 10825 25
200 LAND 10875 25
201 LAND 10925 25
202 LAND 10975 25
203 LAND 11025 25
204 LAND 11075 25
205 LAND 11125 25
206 LAND 11175 25
207 LAND 11225 25
208 LAND 11275 25
209 LAND 11325 25
210 LAND 11375 25
211 LAND 11425 25
212 LAND 11475 25
213 LAND 11525 25
214 LAND 11575 25
215 LAND 11625 25
216 LAND 11675 25
217 LAND 11725 25
218 LAND 11775 25
219 LAND 11825 25
220 LAND 11875 25
221 LAND 11925 25
222 LAND 11975 25
223 LAND 12025 25
224 LAND 12075 25
225 LAND 12125 25
226 LAND 12175 25
227 LAND 12225 25
228 LAND 12275 25
229 LAND 12525 75
230 LAND 12525 125
231 LAND 12525 175
232 LAND 12525 25
233 LAND 12725 73
234 LAND 12725 123
235 LAND 12725 25
236 LAND 12875 73
237 LAND 12875 25
238 LAND 13091 25
239 LAND 13325 25
240 LAND 13375 25
241 LAND 13425 25
242 LAND 13475 25
243 LAND 13525 25
244 LAND 13575 25
245 LAND 13625 25
246 LAND 13675 25
247 LAND 13725 25
248 LAND 13775 25
249 LAND 13825 25
250 LAND 13875 25
251 LAND 13925 25
252 LAND 13975 25
253 LAND 14025 25
254 LAND 14075 25
255 LAND 14125 25
256 LAND 14175 25
257 LAND 14225 25
258 LAND 14275 25
259 LAND 14325 25
260 LAND 14375 25
261 LAND 14425 25
262 LAND 14475 25
263 LAND 14525 25
264 LAND 14575 25
265 LAND 14625 25
266 LAND 14675 25
267 LAND 14725 25
268 LAND 14775 25
269 LAND 14825 25
270 LAND 14875 25
271 LAND 14925 25
272 LAND 14975 25
273 LAND 15025 25
274 LAND 15075 25
275 LAND 15125 25
276 LAND 15175 25
277 LAND 15225 25
278 LAND 15275 25
279 LAND 15325 25
280 LAND 15375 25
281 LAND 15425 25
282 LAND 15475 25
283 LAND 15525 25
284 LAND 15575 25
285 LAND 15625 25
286 LAND 15675 25
287 LAND 15725 25
288 LAND 15775 25
289 LAND 15825 25
290 LAND 15875 25
291 LAND 15925 25
292 LAND 15975 25
293 LAND 16025 25
294 LAND 16075 25
295 LAND 16125 25
296 LAND 16175 25
297 LAND 16225 25
298 LAND 16275 25
299 LAND 16325 25
300 LAND 16375 25
301 LAND 16425 25
302 LAND 16475 25
303 LAND 16525 25
304 LAND 16575 25
305 LAND 16625 25
306 LAND 16675 25
307 FENCE 186 68
308 MOUNTAIN 688 100
309 COINQUESTION 675 431
310 COINQUESTION 725 431
311 COINQUESTION 775 431
312 COINQUESTION 825 431
313 COINQUESTION 875 431
314 MUSHROOMBIG 925 431
315 LAND 677 233
316 LAND 727 233
317 LAND 777 233
318 LAND 827 233
319 LAND 877 233
320 LAND 927 233
321 MEDIUMPIPE 1382 125
322 MUSHROOM 1171 79
323 MUSHROOM 901 287
324 SMALLTREE 876 80
325 COIN 1925 235
326 COIN 1975 235
327 COIN 2025 233
328 COIN 2075 235
329 COIN 2125 235
330 MUSHROOM 2031 79
331 TURTLE 2261 91
332 SMALLPIPE 2742 98
333 BRICK 3003 223
334 BRICK 3053 223
335 BRICK 3103 223
336 BRICK 3153 223
337 BRICK 3203 223
338 BRICK 3253 223
339 BRICK 3385 333
340 BRICK 3435 333
341 BRICK 3485 333
342 BRICK 3535 333
343 BRICK 3585 333
344 BRICK 3635 333
345 BRICK 3685 333
346 BRICK 3735 333
347 COIN 3389 573
348 COIN 3451 575
349 COIN 3517 573
350 COIN 3567 577
351 COIN 3627 573
352 COIN 3697 571
353 STAR 3961 565
354 LAND 3957 335
355 SMALLPIPE 4490 100
356 MUSHROOM 3103 279
357 MUSHROOM 3545 387
358 TURTLE 3349 89
359 TURTLE 3755 89
360 TURTLE 4739 87
361 TURTLE 5111 87
362 FLOWER 3103 423
363 LAND 4805 301
364 LAND 4855 301
365 SMALLPIPE 4830 378
366 LAND 5061 211
367 MUSHROOMLIFE 4827 621
368 BIGPIPE 5544 148
369 SMALLPIPE 5620 98
370 SMALLPIPE 6358 100
371 BIGPIPE 6434 148
372 MUSHROOM 6069 81
373 TURTLE 5949 89
374 COINQUESTION 6783 257
375 COINQUESTION 6833 257
376 COINQUESTION 6883 257
377 COINQUESTION 6933 257
378 LAND 7175 363
379 BRICK 7359 473
380 BRICK 7409 473
381 BRICK 7459 473
382 BRICK 7509 473
383 BRICK 7559 473
384 BRICK 7609 473
385 COIN 7341 661
386 COIN 7395 659
387 COIN 7451 659
388 COIN 7503 657
389 COIN 7557 661
390 COIN 7603 659
391 TURTLE 7067 95
392 TURTLE 7463 537
393 TURTLE 6859 323
394 COIN 7871 153
395 COIN 8021 153
396 COIN 8171 153
397 GRASS 2970 65
398 MOUNTAIN 4116 100
399 BIGTREE 4966 100
400 SMALLTREE 6028 80
401 MUSHROOMBIG 8417 245
402 MUSHROOM 9071 79
403 TURTLE 8969 93
404 BRICK 8367 245
405 BRICK 8465 245
406 COINQUESTION 8515 245
407 BRICK 8565 245
408 COINQUESTION 8615 245
409 BRICK 8665 245
410 MEDIUMPIPE 9242 123
411 FLOWER 9727 225
412 BRICK 9477 297
413 LAND 9975 75
414 LAND 9975 125
415 LAND 10265 371
416 LAND 10513 371
417 LAND 10743 371
418 LAND 11075 125
419 LAND 11075 75
420 BRICK 10141 311
421 BRICK 10877 311
422 STAR 10511 613
423 TURTLE 10573 91
424 MUSHROOM 10325 81
425 MEDIUMPIPE 12252 125
426 COINQUESTION 11411 251
427 COINQUESTION 11887 251
428 COINQUESTION 11937 251
429 COINQUESTION 11361 251
430 COINQUESTION 11311 251
431 COINQUESTION 11987 251
432 TURTLE 11591 95
433 TURTLE 11459 93
434 TURTLE 11807 97
435 MEDIUMPIPE 13692 123
436 BIGTREE 13382 100
437 BRICK 13889 299
438 BRICK 13939 299
439 BRICK 13989 299
440 BRICK 14039 299
441 BRICK 14089 299
442 COIN 13877 479
443 COIN 13929 479
444 COIN 13987 479
445 COIN 14037 481
446 COIN 14091 477
447 MUSHROOM 14073 355
448 SMALLPIPE 14740 100
449 FENCE 14304 70
450 TURTLE 14129 89
451 BRICK 14139 299
452 BRICK 14189 299
453 BRICK 14239 299
454 BRICK 14289 299
455 BRICK 14339 299
456 BRICK 14389 299
457 BRICK 14439 299
458 MUSHROOM 14421 351
459 MUSHROOMBIG 14261 533
460 HOUSE 16552 250
461 MOUNTAIN 15604 102
462 BIGTREE 15382 100
463 SMALLTREE 15818 80
464 TURTLE 1651 89
465 COINQUESTION 6733 257
466 COINQUESTION 6683 257
<End>
