4461 800
0 LAND 23 25
1 LAND 71 25
2 LAND 117 25
3 LAND 165 25
4 LAND 261 25
5 LAND 307 25
6 LAND 355 25
7 LAND 401 25
8 LAND 447 25
9 LAND 495 25
10 LAND 543 25
11 LAND 591 25
12 LAND 785 25
13 LAND 881 25
14 LAND 929 25
15 LAND 977 25
16 LAND 1025 25
17 LAND 1073 25
18 LAND 1121 25
19 LAND 1273 25
20 LAND 1273 75
21 LAND 1121 75
22 LAND 1121 125
23 LAND 213 25
24 LAND 833 25
25 LAND 737 25
26 LAND 639 25
27 LAND 687 25
28 LAND 1321 25
29 LAND 1369 25
30 LAND 1417 25
31 LAND 1465 25
32 LAND 1513 25
33 LAND 1559 25
34 LAND 1607 25
35 LAND 1655 25
36 LAND 1703 25
37 LAND 1751 25
38 LAND 1799 25
39 LAND 1847 25
40 LAND 1895 25
41 LAND 1943 25
42 LAND 1991 25
43 LAND 2039 25
44 LAND 2087 25
45 LAND 2135 25
46 LAND 2183 25
47 LAND 2231 25
48 LAND 2393 25
49 LAND 2441 25
50 LAND 2489 25
51 LAND 2537 25
52 LAND 2585 25
53 LAND 2633 25
54 LAND 2681 25
55 LAND 2727 25
56 LAND 2775 25
57 LAND 2823 25
58 LAND 2871 25
59 LAND 2919 25
60 FENCE 168 66
61 MOUNTAIN 396 100
62 SMALLTREE 582 80
63 SMALLPIPE 1500 100
64 MEDIUMPIPE 1972 121
65 COINQUESTION 475 215
66 COINQUESTION 575 213
67 COINQUESTION 625 213
68 COINQUESTION 675 213
69 COINQUESTION 725 213
70 MUSHROOMBIG 525 215
71 LAND 2967 25
72 LAND 3015 25
73 LAND 3065 25
74 LAND 3115 25
75 LAND 3165 25
76 LAND 3215 25
77 LAND 3265 25
78 LAND 3315 25
79 LAND 3365 25
80 LAND 3415 25
81 LAND 3463 25
82 LAND 3513 25
83 MUSHROOM 2775 75
84 CLOUD 36 527
85 CLOUD 292 523
86 CLOUD 788 545
87 CLOUD 1128 471
88 CLOUD 1392 341
89 CLOUD 1868 537
90 CLOUD 1992 417
91 CLOUD 2176 393
92 CLOUD 2988 397
93 CLOUD 3446 365
94 CLOUD 3856 331
95 GRASS 844 63
96 MUSHROOM 2877 73
97 BIGPIPE 2576 148
98 SMALLPIPE 3228 98
99 LAND 3563 25
100 LAND 3611 25
101 LAND 3661 25
102 LAND 3711 25
103 LAND 3761 25
104 LAND 3811 25
105 LAND 3861 25
106 LAND 3911 25
107 LAND 3961 25
108 LAND 4011 25
109 LAND 4061 25
110 LAND 4111 25
111 LAND 4161 25
112 LAND 4211 25
113 LAND 4261 25
114 LAND 4311 25
115 LAND 4361 25
116 LAND 4411 25
117 LAND 4461 25
118 MOUNTAIN 1700 98
119 BIGTREE 2166 98
120 LAND 1605 227
121 LAND 1655 227
122 LAND 1705 227
123 LAND 1755 227
124 LAND 1805 227
125 FLOWER 1607 387
126 MUSHROOMLIFE 2573 465
127 COIN 1655 387
128 COIN 1707 387
129 COIN 1755 387
130 COIN 1801 387
131 HOUSE 4332 250
<End>
