0 0 8192 8192 0
1 0 8192 4096 4096
3 0 4096 4096 0
25 0 4096 2048 2048
27 0 2048 2048 0
217 0 2048 1024 1024
219 0 1024 1024 0 0 1 2 3 4 5 6
218 1024 2048 2048 1024
220 1024 1024 2048 0 7 8 9 10 11 12 14
26 2048 4096 4096 2048
28 2048 2048 4096 0
225 2048 2048 3072 1024
227 2048 1024 3072 0 13 14 15 16
226 3072 2048 4096 1024
228 3072 1024 4096 0 16 17 18
2 4096 8192 8192 4096
4 4096 4096 8192 0
33 4096 4096 6144 2048
35 4096 2048 6144 0
281 4096 2048 5120 1024
283 4096 1024 5120 0
282 5120 2048 6144 1024
284 5120 1024 6144 0 19 20 21
34 6144 4096 8192 2048
36 6144 2048 8192 0
289 6144 2048 7168 1024
291 6144 1024 7168 0 21 22 23 24 25
290 7168 2048 8192 1024
292 7168 1024 8192 0 26 27
<End>
