16675 800
0 LAND 25 25
1 LAND 75 25
2 LAND 125 25
3 LAND 175 25
4 LAND 225 25
5 LAND 275 25
6 LAND 325 25
7 LAND 375 25
8 LAND 425 25
9 LAND 475 25
10 LAND 525 25
11 LAND 575 25
12 LAND 625 25
13 LAND 675 25
14 LAND 725 25
15 LAND 775 25
16 LAND 825 25
17 LAND 875 25
18 LAND 925 25
19 LAND 975 25
20 LAND 1025 25
21 LAND 1075 25
22 LAND 1125 25
23 LAND 1175 25
24 LAND 1225 25
25 LAND 1275 25
26 LAND 1325 25
27 LAND 1375 25
28 LAND 1425 25
29 LAND 1475 25
30 LAND 1525 25
31 LAND 1575 25
32 LAND 1625 25
33 LAND 1675 25
34 LAND 1725 25
35 LAND 1775 25
36 LAND 1825 25
37 LAND 1875 25
38 LAND 1925 25
39 LAND 1975 25
40 LAND 2025 25
41 LAND 2075 25
42 LAND 2125 25
43 LAND 2175 25
44 LAND 2225 25
45 LAND 2275 25
46 LAND 2325 25
47 LAND 2375 25
48 LAND 2425 25
49 LAND 2475 25
50 LAND 2525 25
51 LAND 2575 25
52 LAND 2625 25
53 LAND 2675 25
54 LAND 2725 25
55 LAND 2775 25
56 LAND 2825 25
57 LAND 2875 25
58 LAND 2925 25
59 LAND 2975 25
60 LAND 3025 25
61 LAND 3075 25
62 LAND 3125 25
63 LAND 3175 25
64 LAND 3225 25
65 LAND 3275 25
66 LAND 3325 25
67 LAND 3375 25
68 LAND 3425 25
69 LAND 3475 25
70 LAND 3525 25
71 LAND 3575 25
72 LAND 3625 25
73 LAND 3675 25
74 LAND 3725 25
75 LAND 3775 25
76 LAND 3825 25
77 LAND 3875 25
78 LAND 3925 25
79 LAND 3975 25
80 LAND 4025 25
81 LAND 4075 25
82 LAND 4125 25
83 LAND 4175 25
84 LAND 4225 25
85 LAND 4275 25
86 LAND 4325 25
87 LAND 4375 25
88 LAND 4425 25
89 LAND 4475 25
90 LAND 4525 25
91 LAND 4575 25
92 LAND 4625 25
93 LAND 4675 25
94 LAND 4725 25
95 LAND 4775 25
96 LAND 4825 25
97 LAND 4875 25
98 LAND 4925 25
99 LAND 4975 25
100 LAND 5025 25
101 LAND 5075 25
102 LAND 5125 25
103 LAND 5175 25
104 LAND 5225 25
105 LAND 5275 25
106 LAND 5325 25
107 LAND 5375 25
108 LAND 5425 25
109 LAND 5475 25
110 LAND 5525 25
111 LAND 5575 25
112 LAND 5625 25
113 LAND 5675 25
114 LAND 5725 25
115 LAND 5775 25
116 LAND 5825 25
117 LAND 5875 25
118 LAND 5925 25
119 LAND 5975 25
120 LAND 6025 25
121 LAND 6075 25
122 LAND 6125 25
123 LAND 6175 25
124 LAND 6225 25
125 LAND 6275 25
126 LAND 6325 25
127 LAND 6375 25
128 LAND 6425 25
129 LAND 6475 25
130 LAND 6525 25
131 LAND 6575 25
132 LAND 6625 25
133 LAND 6675 25
134 LAND 6725 25
135 LAND 6775 25
136 LAND 6825 25
137 LAND 6875 25
138 LAND 6925 25
139 LAND 6975 25
140 LAND 7025 25
141 LAND 7075 25
142 LAND 7125 25
143 LAND 7175 25
144 LAND 7225 25
145 LAND 7275 25
146 LAND 7325 25
147 LAND 7375 25
148 LAND 7425 25
149 LAND 7475 25
150 LAND 7525 25
151 LAND 7575 25
152 LAND 7625 25
153 LAND 7875 25
154 LAND 8025 25
155 LAND 8175 25
156 LAND 8325 25
157 LAND 8375 25
158 LAND 8425 25
159 LAND 8475 25
160 LAND 8525 25
161 LAND 8575 25
162 LAND 8625 25
163 LAND 8675 25
164 LAND 8725 25
165 LAND 8775 25
166 LAND 8825 25
167 LAND 8875 25
168 LAND 8925 25
169 LAND 8975 25
170 LAND 9025 25
171 LAND 9075 25
172 LAND 9125 25
173 LAND 9175 25
174 LAND 9225 25
175 LAND 9275 25
176 LAND 9325 25
177 LAND 9375 25
178 LAND 9425 25
179 LAND 9475 25
180 LAND 9725 25
181 LAND 9775 25
182 LAND 9975 25
183 LAND 10225 25
184 LAND 10275 25
185 LAND 10325 25
186 LAND 10375 25
187 LAND 10425 25
188 LAND 10475 25
189 LAND 10525 25
190 LAND 10575 25
191 LAND 10625 25
192 LAND 10675 25
193 LAND 10725 25
194 LAND 10773 25
195 LAND 10823 25
196 LAND 10873 25
197 LAND 10923 25
198 LAND 10973 25
199 LAND 11023 25
200 LAND 11073 25
201 LAND 11123 25
202 LAND 11173 25
203 LAND 11223 25
204 LAND 11275 25
205 LAND 11325 25
206 LAND 11375 25
207 LAND 11425 25
208 LAND 11475 25
209 LAND 11525 25
210 LAND 11575 25
211 LAND 11625 25
212 LAND 11675 25
213 LAND 11725 25
214 LAND 11775 25
215 LAND 11825 25
216 LAND 11875 25
217 LAND 11925 25
218 LAND 11975 25
219 LAND 12025 25
220 LAND 12075 25
221 LAND 12125 25
222 LAND 12175 25
223 LAND 12225 25
224 LAND 12275 25
225 LAND 12525 75
226 LAND 12525 125
227 LAND 12525 175
228 LAND 12525 25
229 LAND 12725 75
230 LAND 12725 125
231 LAND 12725 25
232 LAND 12875 75
233 LAND 12875 25
234 LAND 13091 25
235 LAND 13325 25
236 LAND 13375 25
237 LAND 13425 25
238 LAND 13475 25
239 LAND 13525 25
240 LAND 13575 25
241 LAND 13625 25
242 LAND 13675 25
243 LAND 13725 25
244 LAND 13775 25
245 LAND 13825 25
246 LAND 13875 25
247 LAND 13925 25
248 LAND 13975 25
249 LAND 14025 25
250 LAND 14075 25
251 LAND 14125 25
252 LAND 14175 25
253 LAND 14225 25
254 LAND 14275 25
255 LAND 14325 25
256 LAND 14375 25
257 LAND 14425 25
258 LAND 14475 25
259 LAND 14525 25
260 LAND 14575 25
261 LAND 14625 25
262 LAND 14675 25
263 LAND 14725 25
264 LAND 14775 25
265 LAND 14825 25
266 LAND 14875 25
267 LAND 14925 25
268 LAND 15225 25
269 LAND 15275 25
270 LAND 15325 25
271 LAND 15375 25
272 LAND 15425 25
273 LAND 15475 25
274 LAND 15525 25
275 LAND 15575 25
276 LAND 15625 25
277 LAND 15675 25
278 LAND 15725 25
279 LAND 15775 25
280 LAND 15825 25
281 LAND 15875 25
282 LAND 15925 25
283 LAND 15975 25
284 LAND 16025 25
285 LAND 16075 25
286 LAND 16125 25
287 LAND 16175 25
288 LAND 16225 25
289 LAND 16275 25
290 LAND 16325 25
291 LAND 16375 25
292 LAND 16425 25
293 LAND 16475 25
294 LAND 16525 25
295 LAND 16575 25
296 LAND 16625 25
297 LAND 16675 25
298 FENCE 186 68
299 MOUNTAIN 688 100
300 COINQUESTION 505 431
301 COINQUESTION 555 431
302 COINQUESTION 605 431
303 COINQUESTION 655 431
304 COINQUESTION 705 431
305 MUSHROOMBIG 753 431
306 LAND 507 233
307 LAND 557 233
308 LAND 607 233
309 LAND 657 233
310 LAND 707 233
311 LAND 757 233
312 MEDIUMPIPE 1030 125
313 MUSHROOM 929 79
314 MUSHROOM 743 287
315 SMALLTREE 876 80
316 COIN 1433 235
317 COIN 1487 235
318 COIN 1547 233
319 COIN 1607 235
320 COIN 1669 235
321 MUSHROOM 1851 79
322 TURTLE 2261 91
323 SMALLPIPE 2060 98
324 BRICK 2331 273
325 BRICK 2381 273
326 BRICK 2431 273
327 BRICK 2531 273
328 BRICK 2481 273
329 BRICK 2581 273
330 BRICK 3285 279
331 BRICK 3435 333
332 BRICK 3485 333
333 BRICK 3535 333
334 BRICK 3585 333
335 BRICK 3635 333
336 BRICK 3685 333
337 BRICK 3735 333
338 COIN 3389 573
339 COIN 3451 575
340 COIN 3517 573
341 COIN 3567 577
342 COIN 3627 573
343 COIN 3697 571
344 STAR 3961 565
345 LAND 3957 335
346 SMALLPIPE 3070 100
347 MUSHROOM 2575 327
348 MUSHROOM 3545 387
349 TURTLE 2779 129
350 TURTLE 3755 89
351 TURTLE 4739 87
352 TURTLE 4879 89
353 FLOWER 2557 457
354 LAND 4553 301
355 LAND 4601 301
356 SMALLPIPE 4574 376
357 LAND 4807 211
358 MUSHROOMLIFE 4575 621
359 BIGPIPE 5130 148
360 SMALLPIPE 6154 98
361 SMALLPIPE 7172 100
362 MUSHROOM 5441 109
363 TURTLE 5517 205
364 COINQUESTION 6783 257
365 COINQUESTION 6833 257
366 COINQUESTION 6883 257
367 COINQUESTION 6933 257
368 LAND 7167 387
369 BRICK 7409 473
370 BRICK 7459 473
371 BRICK 7509 473
372 BRICK 7559 473
373 BRICK 7609 473
374 COIN 7395 659
375 COIN 7451 659
376 COIN 7503 657
377 COIN 7557 661
378 COIN 7603 659
379 TURTLE 7067 95
380 TURTLE 7463 537
381 TURTLE 6859 323
382 COIN 7871 153
383 COIN 8021 153
384 COIN 8171 153
385 GRASS 2702 63
386 MOUNTAIN 3538 100
387 BIGTREE 4966 100
388 SMALLTREE 6028 80
389 MUSHROOMBIG 8417 245
390 MUSHROOM 9071 79
391 TURTLE 8969 93
392 BRICK 8367 245
393 BRICK 8465 245
394 COINQUESTION 8515 245
395 BRICK 8565 245
396 COINQUESTION 8615 245
397 BRICK 8665 245
398 MEDIUMPIPE 9214 123
399 FLOWER 9727 225
400 BRICK 9477 297
401 LAND 10225 75
402 LAND 10225 125
403 LAND 10463 287
404 LAND 10513 371
405 LAND 10743 371
406 LAND 11257 125
407 LAND 11257 75
408 STAR 10511 613
409 TURTLE 10573 91
410 MUSHROOM 10325 81
411 MEDIUMPIPE 12260 125
412 COINQUESTION 11657 251
413 COINQUESTION 11887 251
414 COINQUESTION 11937 251
415 COINQUESTION 11607 251
416 COINQUESTION 11557 251
417 COINQUESTION 11987 251
418 TURTLE 11591 95
419 TURTLE 11459 93
420 TURTLE 11807 97
421 MEDIUMPIPE 13438 123
422 BIGTREE 13634 98
423 BRICK 13715 299
424 BRICK 13765 299
425 BRICK 13815 299
426 BRICK 13865 299
427 BRICK 13915 299
428 COIN 13877 511
429 COIN 13929 511
430 COIN 13987 511
431 COIN 14037 511
432 COIN 14091 509
433 MUSHROOM 13857 355
434 SMALLPIPE 14342 100
435 FENCE 13992 70
436 TURTLE 14129 89
437 BRICK 13965 299
438 BRICK 14015 299
439 BRICK 14065 299
440 MUSHROOM 13973 351
441 MUSHROOMBIG 13763 533
442 HOUSE 16552 250
443 MOUNTAIN 15604 102
444 BIGTREE 14812 102
445 TURTLE 1651 89
446 COINQUESTION 6733 257
447 COINQUESTION 6683 257
448 LAND 15825 73
449 FLAG 15821 396
450 SMALLPIPE 4094 98
451 FENCE 14718 70
452 CLOUD 98 637
453 CLOUD 622 607
454 CLOUD 1076 627
455 CLOUD 1292 601
456 CLOUD 1716 593
457 CLOUD 2616 703
458 CLOUD 2930 565
459 CLOUD 3174 663
460 CLOUD 4420 673
461 CLOUD 5134 691
462 CLOUD 5808 715
463 CLOUD 6352 663
464 CLOUD 7212 679
465 CLOUD 7860 657
466 CLOUD 8232 641
467 CLOUD 8852 661
468 CLOUD 9670 701
469 CLOUD 10174 669
470 CLOUD 11158 659
471 CLOUD 11650 653
472 CLOUD 12308 671
473 CLOUD 13056 703
474 CLOUD 14348 683
475 CLOUD 14960 673
476 CLOUD 15320 665
477 CLOUD 16136 637
<End>
