0 0 32768 32768 0
1 0 32768 16384 16384
3 0 16384 16384 0
25 0 16384 8192 8192
27 0 8192 8192 0
217 0 8192 4096 4096
219 0 4096 4096 0
1753 0 4096 2048 2048
1755 0 2048 2048 0
14041 0 2048 1024 1024
14043 0 1024 1024 0 0 1 2 3 4 5 6 7 8 9 10 11 12 13 14 15 16 17 18 19 20 298 299 300 301 302 303 304 305 306 307 308 309 310 311 312 313 314 315 452 453
14042 1024 2048 2048 1024
14044 1024 1024 2048 0 20 21 22 23 24 25 26 27 28 29 30 31 32 33 34 35 36 37 38 39 40 312 316 317 318 319 320 321 323 445 454 455 456
1754 2048 4096 4096 2048
1756 2048 2048 4096 0
14049 2048 2048 3072 1024
14051 2048 1024 3072 0 40 41 42 43 44 45 46 47 48 49 50 51 52 53 54 55 56 57 58 59 60 61 322 323 324 325 326 327 328 329 344 346 347 349 353 385 457 458
14050 3072 2048 4096 1024
14052 3072 1024 4096 0 61 62 63 64 65 66 67 68 69 70 71 72 73 74 75 76 77 78 79 80 81 330 331 332 333 334 335 336 337 338 339 340 341 342 343 344 345 346 348 350 386 450 459
218 4096 8192 8192 4096
220 4096 4096 8192 0
1761 4096 4096 6144 2048
1763 4096 2048 6144 0
14105 4096 2048 5120 1024
14107 4096 1024 5120 0 81 82 83 84 85 86 87 88 89 90 91 92 93 94 95 96 97 98 99 100 101 102 344 351 352 354 355 356 357 358 359 387 450 460 461
14106 5120 2048 6144 1024
14108 5120 1024 6144 0 102 103 104 105 106 107 108 109 110 111 112 113 114 115 116 117 118 119 120 121 122 359 360 362 363 388 461 462
1762 6144 4096 8192 2048
1764 6144 2048 8192 0
14113 6144 2048 7168 1024
14115 6144 1024 7168 0 122 123 124 125 126 127 128 129 130 131 132 133 134 135 136 137 138 139 140 141 142 143 360 361 364 365 366 367 368 379 381 446 447 463
14114 7168 2048 8192 1024
14116 7168 1024 8192 0 143 144 145 146 147 148 149 150 151 152 153 154 155 361 368 369 370 371 372 373 374 375 376 377 378 380 382 383 384 464 465
26 8192 16384 16384 8192
28 8192 8192 16384 0
225 8192 8192 12288 4096
227 8192 4096 12288 0
1817 8192 4096 10240 2048
1819 8192 2048 10240 0
14553 8192 2048 9216 1024
14555 8192 1024 9216 0 155 156 157 158 159 160 161 162 163 164 165 166 167 168 169 170 171 172 173 174 384 389 390 391 392 393 394 395 396 397 398 466 467
14554 9216 2048 10240 1024
14556 9216 1024 10240 0 174 175 176 177 178 179 180 181 182 183 398 399 400 401 402 408 468 469
1818 10240 4096 12288 2048
1820 10240 2048 12288 0
14561 10240 2048 11264 1024
14563 10240 1024 11264 0 183 184 185 186 187 188 189 190 191 192 193 194 195 196 197 198 199 200 201 202 203 204 401 402 403 404 405 406 407 408 409 410 470
14562 11264 2048 12288 1024
14564 11264 1024 12288 0 204 205 206 207 208 209 210 211 212 213 214 215 216 217 218 219 220 221 222 223 224 406 407 408 411 412 413 414 415 416 417 418 419 420 471 472
226 12288 8192 16384 4096
228 12288 4096 16384 0
1825 12288 4096 14336 2048
1827 12288 2048 14336 0
14617 12288 2048 13312 1024
14619 12288 1024 13312 0 224 225 226 227 228 229 230 231 232 233 234 235 411 472 473
14618 13312 2048 14336 1024
14620 13312 1024 14336 0 235 236 237 238 239 240 241 242 243 244 245 246 247 248 249 250 251 252 253 254 255 421 422 423 424 425 426 427 428 429 430 431 432 433 434 435 436 437 438 439 440 441 474
1826 14336 4096 16384 2048
1828 14336 2048 16384 0
14625 14336 2048 15360 1024
14627 14336 1024 15360 0 255 256 257 258 259 260 261 262 263 264 265 266 267 268 269 270 271 434 444 451 474 475 476
14626 15360 2048 16384 1024
14628 15360 1024 16384 0 271 272 273 274 275 276 277 278 279 280 281 282 283 284 285 286 287 288 289 290 291 443 448 449 477
2 16384 32768 32768 16384
4 16384 16384 32768 0
33 16384 16384 24576 8192
35 16384 8192 24576 0
281 16384 8192 20480 4096
283 16384 4096 20480 0
2265 16384 4096 18432 2048
2267 16384 2048 18432 0
18137 16384 2048 17408 1024
18139 16384 1024 17408 0 291 292 293 294 295 296 297 442
18138 17408 2048 18432 1024
18140 17408 1024 18432 0
2266 18432 4096 20480 2048
2268 18432 2048 20480 0
282 20480 8192 24576 4096
284 20480 4096 24576 0
34 24576 16384 32768 8192
36 24576 8192 32768 0
<End>
