19675 800
0 LAND 25 25
1 LAND 75 25
2 LAND 125 25
3 LAND 175 25
4 LAND 225 25
5 LAND 275 25
6 LAND 325 25
7 LAND 375 25
8 LAND 425 25
9 LAND 475 25
10 LAND 525 25
11 LAND 575 25
12 LAND 625 25
13 LAND 675 25
14 LAND 725 25
15 LAND 775 25
16 LAND 825 25
17 LAND 875 25
18 LAND 925 25
19 LAND 975 25
20 LAND 1025 25
21 LAND 1075 25
22 LAND 1125 25
23 LAND 1175 25
24 LAND 1225 25
25 LAND 1275 25
26 LAND 1325 25
27 LAND 1375 25
28 LAND 1425 25
29 LAND 1475 25
30 LAND 1525 25
31 LAND 1575 25
32 LAND 1625 25
33 LAND 1675 25
34 LAND 1725 25
35 LAND 1775 25
36 LAND 1825 25
37 LAND 1875 25
38 LAND 1925 25
39 LAND 2225 25
40 LAND 2275 25
41 LAND 2325 25
42 LAND 2375 25
43 LAND 2425 25
44 LAND 2475 25
45 LAND 2525 25
46 LAND 2575 25
47 LAND 2625 25
48 LAND 2675 25
49 LAND 2725 25
50 LAND 2775 25
51 LAND 2825 25
52 LAND 2875 25
53 LAND 2925 25
54 LAND 2975 25
55 LAND 3025 25
56 LAND 3075 25
57 LAND 3125 25
58 LAND 3175 25
59 LAND 3225 25
60 LAND 3275 25
61 LAND 3325 25
62 LAND 3375 25
63 LAND 3425 25
64 LAND 3475 25
65 LAND 3525 25
66 LAND 3575 25
67 LAND 3625 25
68 LAND 3675 25
69 LAND 3725 25
70 LAND 3775 25
71 LAND 3825 25
72 LAND 3875 25
73 LAND 3925 25
74 LAND 4025 25
75 LAND 4125 25
76 LAND 4225 25
77 LAND 4325 25
78 LAND 4425 25
79 LAND 4525 25
80 LAND 4625 25
81 LAND 4825 25
82 LAND 4875 25
83 LAND 4925 25
84 LAND 4975 25
85 LAND 5025 25
86 LAND 5075 25
87 LAND 5125 25
88 LAND 5175 25
89 LAND 5225 25
90 LAND 5275 25
91 LAND 5325 25
92 LAND 5375 25
93 LAND 5425 25
94 LAND 5475 25
95 LAND 5525 25
96 LAND 5575 25
97 LAND 5625 25
98 LAND 5675 25
99 LAND 5725 25
100 LAND 5775 25
101 LAND 5825 25
102 LAND 5875 25
103 LAND 5925 25
104 LAND 5975 25
105 LAND 6025 25
106 LAND 6075 25
107 LAND 6125 25
108 LAND 6175 25
109 LAND 6225 25
110 LAND 6275 25
111 LAND 6325 25
112 LAND 6375 25
113 LAND 6425 25
114 LAND 6475 25
115 LAND 6525 25
116 LAND 6575 25
117 LAND 6625 25
118 LAND 6675 25
119 LAND 6725 25
120 LAND 6775 25
121 LAND 6825 25
122 LAND 6875 25
123 LAND 6925 25
124 LAND 6975 25
125 LAND 7025 25
126 LAND 7075 25
127 LAND 7375 25
128 LAND 7425 25
129 LAND 7475 25
130 LAND 7525 25
131 LAND 7575 25
132 LAND 7625 25
133 LAND 7675 25
134 LAND 7725 25
135 LAND 7775 25
136 LAND 7825 25
137 LAND 7875 25
138 LAND 7925 25
139 LAND 7975 25
140 LAND 8025 25
141 LAND 8075 25
142 LAND 8125 25
143 LAND 8175 25
144 LAND 8225 25
145 LAND 8275 25
146 LAND 8325 25
147 LAND 8375 25
148 LAND 8425 25
149 LAND 8475 25
150 LAND 8525 25
151 LAND 8575 25
152 LAND 8625 25
153 LAND 8675 25
154 LAND 8725 25
155 LAND 8775 25
156 LAND 8825 25
157 LAND 8875 25
158 LAND 8925 25
159 LAND 8975 25
160 LAND 9025 25
161 LAND 9075 25
162 LAND 9125 25
163 LAND 9175 25
164 LAND 9225 25
165 LAND 9275 25
166 LAND 9325 25
167 LAND 9375 25
168 LAND 9425 25
169 LAND 9475 25
170 LAND 9525 25
171 LAND 9575 25
172 LAND 9625 25
173 LAND 9675 25
174 LAND 9725 25
175 LAND 9775 25
176 LAND 9825 25
177 LAND 9875 25
178 LAND 9925 25
179 LAND 10075 151
180 LAND 10175 275
181 LAND 10275 425
182 LAND 10425 425
183 LAND 10525 275
184 LAND 10675 151
185 LAND 10825 25
186 LAND 10875 25
187 LAND 10925 25
188 LAND 10975 25
189 LAND 11025 25
190 LAND 11075 25
191 LAND 11125 25
192 LAND 11175 25
193 LAND 11225 25
194 LAND 11275 25
195 LAND 11325 25
196 LAND 11375 25
197 LAND 11425 25
198 LAND 11475 25
199 LAND 11525 25
200 LAND 11575 25
201 LAND 11625 25
202 LAND 11675 25
203 LAND 11725 25
204 LAND 11775 25
205 LAND 11825 25
206 LAND 11875 25
207 LAND 11925 25
208 LAND 11975 25
209 LAND 12025 25
210 LAND 12075 25
211 LAND 12125 25
212 LAND 12175 25
213 LAND 12225 25
214 LAND 12275 25
215 LAND 12325 25
216 LAND 12375 25
217 LAND 12425 25
218 LAND 12475 25
219 LAND 12525 25
220 LAND 12575 25
221 LAND 12625 25
222 LAND 12675 25
223 LAND 12725 25
224 LAND 12775 25
225 LAND 12825 25
226 LAND 12875 25
227 LAND 12925 25
228 LAND 12975 25
229 LAND 13025 25
230 LAND 13075 25
231 LAND 13125 25
232 LAND 13175 25
233 LAND 13225 25
234 LAND 13275 25
235 LAND 13325 25
236 LAND 13375 25
237 LAND 13425 25
238 LAND 13475 25
239 LAND 13525 25
240 LAND 13575 25
241 LAND 13625 25
242 LAND 13675 25
243 LAND 13725 25
244 LAND 13775 25
245 LAND 13825 25
246 LAND 13875 25
247 LAND 13925 25
248 LAND 13975 25
249 LAND 14025 25
250 LAND 14075 25
251 LAND 14125 25
252 LAND 14175 25
253 LAND 14225 25
254 LAND 14275 25
255 LAND 14325 25
256 LAND 14375 25
257 LAND 14425 25
258 LAND 14475 25
259 LAND 14525 25
260 LAND 14575 25
261 LAND 14625 25
262 LAND 14675 25
263 LAND 14725 25
264 LAND 14775 25
265 LAND 14825 25
266 LAND 14875 25
267 LAND 14925 25
268 LAND 14975 25
269 LAND 15025 25
270 LAND 15075 25
271 LAND 15125 25
272 LAND 15175 25
273 LAND 15225 25
274 LAND 15275 25
275 LAND 15325 25
276 LAND 15375 25
277 LAND 15425 25
278 LAND 15475 25
279 LAND 15525 25
280 LAND 15575 25
281 LAND 15625 25
282 LAND 15675 25
283 LAND 15725 25
284 LAND 15775 25
285 LAND 15825 25
286 LAND 15875 25
287 LAND 15925 25
288 LAND 15975 25
289 LAND 16025 25
290 LAND 16075 25
291 LAND 16125 25
292 LAND 16275 133
293 LAND 16475 135
294 LAND 16675 261
295 LAND 16825 259
296 LAND 17075 261
297 LAND 17225 261
298 LAND 17425 149
299 LAND 17625 151
300 LAND 17825 25
301 LAND 17875 25
302 LAND 17925 25
303 LAND 17975 25
304 LAND 18025 25
305 LAND 18075 25
306 LAND 18125 25
307 LAND 18175 25
308 LAND 18225 25
309 LAND 18275 25
310 LAND 18325 25
311 LAND 18375 25
312 LAND 18425 25
313 LAND 18475 25
314 LAND 18525 25
315 LAND 18575 25
316 LAND 18625 25
317 LAND 18675 25
318 LAND 18725 25
319 LAND 18775 25
320 LAND 18825 25
321 LAND 18875 25
322 LAND 18925 25
323 LAND 18975 25
324 LAND 19025 25
325 LAND 19075 25
326 LAND 19125 25
327 LAND 19175 25
328 LAND 19225 25
329 LAND 19275 25
330 LAND 19325 25
331 LAND 19375 25
332 LAND 19425 25
333 LAND 19475 25
334 LAND 19525 25
335 LAND 19575 25
336 LAND 19625 25
337 LAND 19675 25
338 SMALLPIPE 1022 100
339 LAND 385 255
340 LAND 435 255
341 LAND 485 255
342 LAND 535 255
343 LAND 583 255
344 LAND 633 255
345 TURTLE 599 109
346 TURTLE 421 347
347 TURTLE 1825 93
348 TURTLE 1683 99
349 TURTLE 2925 93
350 TURTLE 2829 151
351 MEDIUMPIPE 3072 123
352 TURTLE 3385 113
353 SMALLPIPE 5110 100
354 BIGPIPE 6142 148
355 TURTLE 8093 95
356 MEDIUMPIPE 8186 123
357 SMALLPIPE 9214 100
358 MEDIUMPIPE 11256 123
359 SMALLPIPE 12282 98
360 BIGPIPE 13314 148
361 SMALLPIPE 14334 100
362 LAND 15375 73
363 LAND 15375 123
364 LAND 15375 173
365 SMALLPIPE 18438 98
366 HOUSE 19546 246
367 BOSS 19060 137
368 TURTLE 5481 195
369 TURTLE 5621 127
370 TURTLE 5819 127
371 TURTLE 6443 97
372 TURTLE 6621 121
373 TURTLE 8481 109
374 TURTLE 8629 101
375 TURTLE 9431 115
376 TURTLE 9603 125
377 TURTLE 9737 145
378 TURTLE 11565 123
379 TURTLE 11763 139
380 TURTLE 12711 143
381 TURTLE 12873 155
382 TURTLE 13053 149
383 TURTLE 13697 135
384 TURTLE 13871 129
385 TURTLE 14067 143
386 TURTLE 14693 115
387 TURTLE 14837 121
388 TURTLE 15073 141
389 TURTLE 15845 97
390 TURTLE 15993 101
391 MUSHROOMBIG 3617 251
392 FLOWER 6449 271
<End>
